0100100100000000000000000000000000000000000000000000000000000000000000000000
0000100100000110001000001000000000000000000000000000000000000000000000000000
0000110101000000000100001101100000000000000000000000000000000010100000001001
0000110101000000000100001101100000000000000000000000000000000011000000011001
0110101000000000000000000000000000000000000000000000000000000000000000000000
0000100100000110001000001000001000000000000000000000000000000000000000000000
0001110011000000000100001101100000100000000000000000000000000010000000000000
0001101111000000000100001101100000100000000000000000000000000010000000000000
0001011011000000001000000000011000000000000010000000000000000000000000000000
0000100100000110001000001000010000000000000000000000000000000000000000000000
0001101010100000000000000000000000010000000100110000000000000000000000000000
0001101010100000000000000000000000010000000100110000000000000000000000000000
0000100100000001001000101000011000000000000000000000000000000000000000000000
0000100100000110000010001000000000000000000000000000000000000000000000000000
0000100100000100000100000010100000100000000000000000000000000000000000000000
0000111001000000000100000000000000000000000000000001000000000000000000000000
0010100000000000000000000000000111000000000000000000000000000000000000000000
0010100010000000000000000000000110000000000000000000000000000000000000000000
0000110101000001100000000000000000000000000000000010000000000010100000101001
0000110101000001100000000000000000000000000000000010000000000010100000101001
0000100100000101100001011100000000000000000000000000000000000000000000000000
0000100100000101100001010011000000100000000000000000000000000000000000000000
0000100100000001000001000010000000100000000000000000000000000000000000000000
0000100000100000001000000000011001000000000000000000000000000000000000000000
0000100010100000001000000000011000000000000000000000000000000000000000000000
0010110010100000000000000000000101000000000000000000000000000000000000000000
0001001000000000000000000000000000000000000000000000000000000000000000000100
0000100100000110010000000000000001000000000000000000000000000000000000000000
0010111000100100100000010000000101000000000000000000000000000000000000000000
0010111010100000000000000000000100000000000000000000000000000000000000000000
0000100100000001010000100000000001000000000000000000000000000000000000000000
0000100100000110010000000000000000000000000000000000000000000000000000000000
1000000000001000000000000000000000000000000000000000000000000000000000000000
0011000010100000000000000000000101000000000000000000000000000000000000000000
0001001100000100000000000000000000000100101010000000000100000000000000000000
0001000000010000010000000000000001000000000000000000000000000000000000000000
0001101001000000000000000000000000000000000000000000000000101000000000000000
0001101010100000000000000000000001010000000100000000000000000000000000000000
0001010001000100000000000000000000000010000010000000000100000000000000000000
0000000000000000000000000000000000000000000000000000000000000000000000000010
0011010000000000000000000000000111000000000000000000000000000000000000000000
0011010010000000000000000000000111000000000000000000000000000000000000000000
0001110110100000000000000000000001000000000000000000000010000000000000000000
0001011001000000000000000000000000000001000000000000000000000000000000000000
0011011000100000000000000000000101000000000000000000000000000000000000000000
0011011010100000000000000000000101000000000000000000000000000000000000000000
0000100100000001010000100000000001000000000000000000000000000000000000000000
0001111101000100000000000000000000000010000011000000000100000000000000000000
0011100000100000000000000000000101000000000000000000000000000000000000000000
0001100110000010010000000000000001000000001000000000001001000000000000000000
0001100010000100000000000000000000000010000011000000000100000000000000000000
0000100100000100000000000000000000001000010010000000000100000000000000000000
0011101000100000000000000000000101000000000000000000000000000000000000000000
0001000100000000000000000000000000000000000000000000010000000000000000000000
0001111000000000000000000000000000000000000000000100000000000000000000000000
0000110100000000000000000000000000000000000000000000100000000001000000111001
0011110000000000000000000000000111000000000000000000000000000000000000000000
0000110100000000000000000000000000000000000000000000100000000000100001001001
0001001111000000000000000000000000000000000000000000000000010100000000000000
0001010011000100000000000000000000000010000010000000000100000000000000000000
0001110000100000000000000000000000000000000000000000000000000000011110000000
0001101010100000000000000000000001010000000100010000000000000000000000000000
0001100000000001010000100000000001000000000000000000000000000000000000000000
0001101010100000000000000000000001010000000100100000000000000000000000000000



